1000
18547 22633 9158 10 15 1 8
22714 48333 7977 11 2 11 13
25282 16508 24902 11 8 4 4
3958 33677 19943 3 14 10 9
1946 33993 22431 13 2 6 4
12451 42072 14897 13 5 10 8
23273 26712 8983 11 4 14 6
30363 41158 20685 1 4 4 3
1601 47220 7554 12 13 1 15
18494 40425 6768 1 1 1 8
24321 16958 9063 10 7 14 13
22415 46998 21355 10 12 8 13
1787 37947 31920 12 15 2 13
32731 23320 2540 10 2 12 5
9978 33019 15171 11 10 10 15
28677 32742 28113 4 12 12 10
10337 21950 4056 12 9 9 6
13839 31897 13992 11 1 5 12
24047 48645 20659 9 0 7 2
4042 19173 570 0 11 11 2
5821 34660 583 14 3 15 9
17764 44667 18204 3 4 5 9
9035 29022 709 11 3 9 11
18961 17956 28260 12 9 14 1
4594 39340 23508 15 0 11 11
3811 42957 32307 7 8 0 12
367 36795 348 10 9 2 6
14091 26101 12413 12 10 1 12
28713 39672 15651 11 4 8 16
26446 27338 21941 2 8 8 4
23629 35449 26848 12 4 13 9
17914 17015 6990 5 12 11 16
31275 48673 21638 5 10 10 13
8629 44144 3518 4 11 3 3
20628 48950 10707 2 15 3 13
27471 19102 25572 9 5 2 1
13737 28238 13698 4 0 8 14
18004 23081 1418 10 10 8 3
11800 45326 7637 12 4 8 13
22348 27534 14835 11 13 7 12
26630 46053 17218 15 3 4 10
7807 36228 20131 4 13 13 14
24114 36062 28231 10 12 12 7
11808 19190 11824 12 5 3 5
8964 34823 27826 11 12 4 12
11142 26810 24096 5 14 3 10
26727 28377 24044 9 7 3 2
11284 37603 14755 4 9 3 1
22002 40864 5214 6 8 0 8
22974 17409 25492 4 12 4 6
28521 36681 8954 0 3 6 9
9578 24169 31194 14 12 14 11
27464 27571 20261 10 3 4 2
5529 31281 13051 7 2 0 5
18108 46235 27374 5 5 9 5
23529 19957 16904 3 14 2 16
2738 37586 7594 10 5 0 1
13544 30517 2520 2 6 4 5
11176 31193 12184 5 5 7 5
14143 26762 29274 9 0 2 1
24485 21628 25310 7 14 9 5
15789 41041 26067 5 6 12 10
32740 32023 2284 12 1 5 1
31612 24049 9574 11 12 0 13
15462 34276 31996 11 1 10 3
19900 18018 16815 9 4 3 4
17327 48639 32314 3 6 7 16
4792 44831 12807 4 1 13 13
15183 33007 21389 6 4 9 14
4295 21441 24885 3 4 4 4
24982 43501 216 5 12 2 8
17893 43224 8962 13 8 10 10
7077 42705 25865 4 1 6 8
14722 36522 11925 9 12 10 16
32022 26829 31888 12 10 8 15
692 17394 31398 9 10 8 11
7978 24887 17602 15 8 11 3
27520 20931 12233 3 14 14 2
8407 44876 17114 13 9 10 9
14668 48281 10963 0 11 9 3
13780 17562 27990 14 1 8 3
15941 20429 11737 6 1 3 5
10794 36553 511 1 5 9 2
16661 43246 22063 1 7 2 4
27038 30306 26131 2 12 9 13
24933 46193 24781 11 14 6 2
10315 35185 9679 5 10 14 10
28906 23926 22095 15 4 14 8
21501 27745 27627 11 3 14 2
10985 40205 7615 14 14 12 8
31100 27641 21949 7 10 12 3
4098 46140 3492 13 2 4 12
15859 29420 6166 0 13 1 3
31591 36747 16912 0 9 15 1
27534 29343 32279 10 8 4 12
29372 18129 21507 14 13 7 2
22030 17323 3263 1 8 5 12
32470 26098 5605 14 13 6 7
5665 24718 8726 15 13 14 6
17251 42681 12742 15 10 9 3
11532 30942 26775 10 9 6 1
17153 22299 29473 8 13 7 12
6338 31766 12939 3 4 1 14
26834 28818 12242 5 11 8 16
20177 41557 1237 13 3 12 2
31981 48887 22460 15 3 14 3
13538 16839 21280 4 13 11 6
20252 48264 6785 14 10 3 14
4940 42020 17510 14 9 11 12
6506 40443 25004 8 3 8 9
22571 38471 29446 13 14 6 7
9759 39602 5611 11 10 12 3
9899 27946 1108 8 14 10 1
18590 23574 22471 8 1 3 7
30498 47200 22276 13 7 10 12
23555 40027 9909 2 13 0 2
26573 46941 3655 8 7 11 14
27980 34928 13781 10 6 12 7
14827 22514 24216 13 3 12 16
4056 16474 24314 11 5 0 8
12125 44541 5058 10 10 9 1
4091 26019 2530 7 3 7 6
5219 29489 21146 14 3 2 5
26229 48987 23414 13 6 1 15
625 41512 23659 15 5 14 2
18140 35065 13696 7 12 2 8
19565 37918 23728 1 15 10 10
18250 28447 21107 0 11 9 13
10363 25613 11825 13 6 12 11
3330 40124 22107 14 5 11 11
19031 27318 5202 4 4 2 14
200 46997 1572 2 5 7 13
28379 46546 21808 6 0 1 1
2248 33347 8214 10 15 1 14
19850 43432 17589 1 14 7 14
27221 28326 4915 13 11 7 10
30830 29487 19696 9 2 0 15
13183 48800 17122 7 3 8 2
23478 37393 24547 1 9 8 10
18344 33058 20504 13 8 11 16
28304 23834 5636 14 9 4 3
10902 36424 31051 5 8 13 6
30863 23132 3531 5 13 14 6
4069 48518 10279 13 9 15 7
22572 18826 11889 12 4 5 11
11391 28090 30446 5 2 9 11
19340 29995 18666 11 7 6 8
22187 22625 15349 0 7 12 5
14309 32286 21648 1 8 2 12
28385 38605 28237 0 7 11 8
475 45686 138 8 1 4 5
25743 20867 30504 10 4 13 11
29588 25034 16332 9 8 12 10
24278 31626 10129 7 7 14 15
20621 43288 5855 9 14 9 10
264 24529 815 7 4 7 14
17582 24785 23353 3 11 5 6
18112 41916 8836 6 7 5 2
23308 45901 12702 9 5 13 4
16580 48642 14323 12 3 2 7
25327 26467 20264 13 4 1 11
29895 40928 2767 7 13 3 7
22363 41245 25316 7 11 2 9
15590 40449 12496 10 3 4 1
22880 32630 31191 15 9 15 7
14534 41965 12045 13 13 13 1
24217 43285 1898 4 2 14 1
23505 43100 7837 7 13 14 2
23576 22114 8800 9 8 7 3
22678 45512 15538 12 5 15 7
3277 32490 6531 6 15 13 13
2573 24922 29233 14 6 15 13
6255 48789 20499 7 7 4 14
29666 27136 27344 8 9 2 12
14558 40405 29054 11 15 1 2
14123 28945 17598 8 11 15 16
10235 26390 23586 10 11 5 15
11605 29938 15011 7 2 3 10
24630 44463 31419 4 4 10 6
9002 40639 26691 5 0 1 12
11183 23437 25148 11 3 14 2
2365 21525 26703 2 7 2 4
5466 38857 10234 0 8 5 6
1579 20133 4349 5 4 0 16
2611 17323 32053 2 8 1 3
2146 18829 25052 15 3 11 16
13698 34865 26282 12 10 4 14
16457 32876 25971 4 1 0 11
5618 45002 15478 5 5 11 1
14059 38408 4781 13 5 9 13
11217 37101 32056 3 14 3 5
9185 27695 14617 11 12 12 8
1196 27295 15277 15 9 3 13
19178 31428 3550 5 12 12 15
21450 33059 28770 11 0 10 6
17413 41199 11054 6 14 7 14
6095 35857 31162 12 1 8 4
24410 30491 4378 4 15 9 12
21658 27674 684 4 13 14 6
12838 26624 32589 11 15 11 9
4502 40465 5645 6 3 8 4
29371 34274 8404 5 13 14 1
4204 48218 28380 7 4 8 8
17727 19819 5553 5 11 14 7
20028 44432 15962 3 1 8 10
10592 18745 30148 11 11 8 1
6510 44593 19480 11 11 4 8
4371 20194 4863 2 13 0 14
32039 36279 20921 4 7 3 15
18603 27447 1769 11 0 13 12
23501 20007 907 11 8 3 7
14100 24342 26339 8 8 2 8
24640 24186 19014 7 2 15 3
4238 26827 10105 9 2 2 3
15958 35653 2162 3 12 13 1
26168 20318 21956 12 5 7 1
22811 42356 23661 11 15 3 10
28357 22210 28705 3 14 10 3
28941 39052 5008 3 1 3 14
929 35206 32061 9 4 1 1
17969 18213 1881 12 10 7 9
19757 39079 28809 2 10 10 11
15937 31557 12024 14 1 8 5
1676 40625 14243 13 7 0 12
6026 46086 284 12 11 5 3
30391 48392 26565 4 0 14 13
12605 49110 17690 14 11 2 9
5414 24269 20204 2 14 15 11
17234 26079 9654 12 5 2 1
7044 30872 5392 11 1 6 8
3613 38431 2897 10 5 11 5
31511 28376 4368 13 5 12 14
8700 27631 19236 14 14 10 13
18163 32810 27571 7 3 4 13
21182 46258 11876 11 1 5 11
20125 24629 8390 4 14 6 1
30815 39410 7347 11 1 7 4
28765 49065 22448 1 3 3 2
16833 22984 14486 0 11 10 8
10959 46427 22860 12 1 3 16
15804 33569 25759 11 3 2 10
16859 36982 8948 9 15 4 11
559 43402 4083 1 2 9 9
20531 39025 4557 3 12 10 5
4374 46191 25437 3 0 12 14
12921 17646 21667 4 5 8 16
12356 26253 9604 4 7 7 13
11653 46693 4970 8 6 7 2
30078 47291 7330 5 11 0 2
4427 38248 9403 4 6 15 13
25395 30745 12219 8 6 0 8
2232 34284 28350 13 1 8 8
14257 29686 2855 15 1 9 16
28614 29636 6620 1 12 8 10
10478 34006 25475 1 15 14 8
29494 24473 23445 14 5 3 15
29659 29228 8662 12 2 13 12
31888 39099 4819 6 0 0 8
9023 44392 5548 13 14 15 9
29932 38990 12077 2 8 2 15
8593 42001 23917 12 13 4 7
264 33016 31839 9 4 2 2
10026 43503 9780 9 7 0 3
16766 22166 2453 10 5 2 1
6299 24205 26317 12 14 10 6
28608 36761 6363 8 1 10 15
24655 44641 10821 9 1 9 13
16746 37347 12200 8 9 14 11
13701 31058 22366 0 15 11 1
17892 18509 23165 4 6 8 7
11519 26221 26743 14 14 13 3
28560 21703 27935 10 10 8 7
18438 29666 20260 12 5 2 7
26388 35756 17684 8 9 2 15
7037 41629 11231 12 10 7 11
2634 38346 7640 11 1 8 5
32198 27349 20796 12 8 0 1
11152 33624 19437 4 5 1 3
17278 32669 25342 11 10 14 4
19017 26487 11076 3 1 12 6
31700 36462 26578 10 4 14 5
8273 32615 22524 1 15 9 15
25982 40582 4548 12 3 3 11
9942 18423 16477 15 14 1 2
2258 34226 11439 6 1 1 14
9982 48705 3429 15 8 1 1
15924 21297 16487 2 7 12 11
19088 36014 4058 6 5 7 16
28821 41605 1043 7 7 2 9
4820 48654 15448 2 15 13 5
14440 16674 14839 13 3 14 15
4985 23119 1546 9 14 4 11
8691 36719 15267 8 4 7 12
13757 19440 23084 1 14 4 10
3936 16996 1613 9 6 4 3
1837 32358 6105 6 5 3 3
6626 47280 16307 5 15 7 8
11143 36445 31252 5 13 0 15
19206 27094 25675 7 10 8 5
25983 25136 12224 12 6 9 13
6467 18258 14667 5 2 15 13
12132 44794 18466 11 8 6 7
314 31792 6053 1 7 1 7
4454 26280 4673 5 8 2 10
28440 41873 10606 11 3 9 12
20494 31617 27366 2 11 8 9
2996 39518 26579 14 14 9 15
25075 39215 31893 9 7 7 11
23156 43582 18607 12 15 13 10
12431 37352 14515 14 9 9 8
19423 16400 14308 3 14 8 2
6811 42113 28925 14 1 2 2
19778 45032 15752 7 6 8 10
19756 45379 10230 12 11 9 6
23267 48730 20628 2 10 9 3
18274 48725 22745 13 6 6 2
13266 40587 8327 4 3 0 9
23709 26827 10394 10 15 0 9
13691 26502 23866 14 0 15 10
24185 30496 9290 11 5 3 9
32354 18392 6219 4 3 3 10
31531 29512 13527 8 4 1 4
24378 16786 30243 5 8 13 2
14196 25875 20216 13 3 3 13
14176 31688 4520 2 0 3 7
31145 42998 10756 4 14 11 7
27213 35997 30546 7 15 5 13
16895 40508 30536 4 15 0 4
10730 20321 24450 10 10 10 4
32228 22284 3786 13 2 14 14
21493 44130 6720 2 15 3 10
16347 18377 1838 11 5 6 9
32314 47951 26964 4 0 6 8
21790 18798 21978 2 10 5 1
13597 35471 8060 2 1 13 4
19032 34645 28656 4 14 15 1
14924 19471 13604 7 14 8 6
8527 41131 4622 13 10 9 16
27137 35183 2708 14 15 1 15
12062 26673 19184 6 6 1 15
10133 17322 16036 2 9 8 1
31120 23145 5911 15 4 6 2
23965 20813 25902 14 12 3 16
32162 42685 28347 0 14 12 5
9869 26166 32372 2 1 8 14
17186 28676 14746 2 13 2 2
2791 38801 17794 4 14 0 9
13383 28706 17307 9 15 6 4
24719 40617 9677 12 0 1 3
4667 38207 11969 13 3 11 11
13029 21007 20401 12 0 3 14
23127 26192 21119 14 3 10 4
13427 32904 27986 2 1 0 1
6331 23583 9233 6 14 2 2
29755 16467 30369 1 2 2 15
7017 42221 31747 0 14 2 6
11532 17502 25009 15 6 3 13
6533 46722 25624 0 1 9 4
5674 40247 1023 5 10 0 13
7288 29062 28653 1 4 0 4
7950 28065 8626 10 0 3 3
13450 28058 30438 15 12 14 7
15908 16463 14013 14 6 12 9
30287 40627 15121 8 10 14 13
20832 35497 9902 14 11 0 15
7721 31880 10827 3 2 1 4
24408 24770 3646 12 2 11 1
13588 45514 32408 3 13 9 8
31637 32299 24759 5 5 5 8
7048 32099 288 2 12 11 6
18636 19557 25614 4 8 13 13
14080 34208 20026 4 10 2 9
27427 22391 2024 9 3 15 13
16330 29614 24184 3 2 8 6
22431 21765 27390 12 10 12 4
30882 34960 20114 2 1 12 10
28699 23478 17819 14 13 3 16
9768 33271 2256 2 6 8 4
20963 33093 26296 3 10 6 1
25116 35311 30645 14 15 7 3
19635 19040 8368 14 6 12 5
27122 22540 22851 10 4 4 16
4157 46605 20394 0 2 2 13
10458 19363 3485 6 2 2 9
11949 42420 26642 0 4 2 10
8926 30766 5674 0 11 14 15
6878 23787 10815 11 8 9 3
14435 19772 19018 13 15 7 12
10451 44084 28274 0 8 4 10
20053 37601 16893 3 15 7 7
6423 48643 23370 6 14 9 6
12221 40721 11750 0 13 1 3
11602 35166 1325 5 2 15 9
10601 28069 1914 14 6 7 4
26932 43249 2966 12 5 0 16
27612 30274 483 10 3 10 11
30739 17338 417 5 8 14 12
17552 48010 682 9 0 5 14
30011 42424 10678 0 9 12 13
2199 41148 13726 3 14 2 14
3911 20493 11345 10 8 2 13
12077 27840 24800 13 10 11 1
16716 41399 20858 8 15 1 1
19626 21752 5656 1 4 7 14
27269 35253 3250 12 2 3 10
7094 16678 28042 4 6 11 7
8102 32417 22065 2 8 11 7
21338 22394 26567 4 2 0 13
19664 46406 8742 5 11 8 8
20178 28961 6333 8 7 8 13
1705 30060 24622 15 14 15 4
231 18241 5222 1 12 14 11
17317 46149 19246 5 11 5 15
1033 34762 10374 11 11 4 14
7231 32100 11058 8 0 0 13
8138 35127 26334 1 8 5 16
29057 46322 28468 6 7 3 4
17381 34203 21187 15 5 9 9
1049 23242 1616 8 14 2 14
32418 33600 19199 12 7 13 4
9365 32541 23792 6 15 4 3
11839 35644 7495 5 7 10 8
10209 31252 7740 10 14 12 4
4850 35923 11533 4 3 12 16
22284 28673 7179 1 14 11 10
19367 20920 9006 6 4 5 16
7122 44043 28108 3 15 8 16
1700 44974 31486 6 1 11 6
18944 27434 19348 12 11 15 8
9658 23726 19018 1 6 8 11
24172 43847 2906 14 3 6 14
13764 32242 32114 8 0 0 16
16530 38398 27041 3 8 5 12
32111 27551 23636 9 13 14 6
16899 21642 30387 15 2 14 7
99 23213 22309 7 15 7 5
28035 45711 1599 6 13 0 9
16875 30889 18870 10 8 10 7
24766 41604 11414 1 14 9 9
8332 33584 30432 15 13 5 8
28581 38679 13949 8 6 12 14
20915 19262 4660 14 7 10 14
20124 37624 10288 10 12 6 5
7527 37403 11403 3 11 11 16
5134 40674 29480 3 9 5 2
4863 41179 32672 2 10 4 3
28594 47184 12289 14 8 1 15
9479 44456 197 14 3 0 8
16940 16481 21774 10 3 6 12
22590 39405 5437 13 9 13 13
5231 36847 9955 1 15 4 2
23565 33391 4999 4 7 12 7
4696 33666 28634 4 3 8 13
32506 27327 8999 8 12 4 15
29682 33397 16245 1 4 8 2
27731 19586 23203 0 1 11 14
17428 35189 32520 12 7 2 8
16616 27376 20699 3 15 2 11
31143 22299 23132 9 1 1 7
15719 46586 27637 10 12 9 11
14139 45594 20845 15 15 5 5
29473 37307 18567 9 12 2 8
14794 46060 21083 1 8 7 5
18099 24842 25753 10 4 14 10
19435 28116 6528 7 14 13 8
31417 48758 23422 10 2 5 3
19147 25059 19678 5 0 9 8
4730 30726 8408 13 0 1 2
27943 40263 28692 2 11 4 16
12259 31801 11017 12 0 7 2
26611 22646 2786 14 9 0 13
17130 30547 20521 4 9 1 10
19570 28305 18537 9 8 13 3
13970 45739 5875 5 5 13 2
29457 20753 27029 4 7 7 5
17200 19907 25569 11 6 10 8
7038 39807 13424 0 1 9 13
30568 24969 5609 11 5 13 8
14174 21616 17178 15 2 15 11
27997 17780 20233 13 7 10 7
3073 30376 22605 15 8 13 6
16110 20336 7225 6 9 2 8
19929 42065 17710 8 2 8 16
22045 28583 7748 10 11 13 8
1837 46088 18514 14 0 0 9
14068 31405 15576 2 13 1 14
27187 27705 31511 13 10 5 5
32133 32069 2380 3 12 0 15
13590 22301 8712 3 5 10 15
14424 36721 13782 12 14 14 11
22260 42287 21564 7 8 3 1
22566 47412 8690 12 9 15 9
26541 26959 9062 3 12 14 16
15043 39174 19346 11 7 8 9
16342 41575 12950 10 6 2 7
26045 38898 22782 4 6 1 6
30975 21392 1952 13 15 6 1
8252 48496 32075 15 7 13 5
15964 36378 32494 2 2 4 6
3707 21757 30744 9 15 7 7
29240 29213 15893 7 13 5 9
24879 3044 652 12 5 7 12
4858 7275 8140 6 6 10 6
2197 3977 23304 1 6 0 16
28735 -13494 20853 7 7 10 8
17915 3503 788 11 3 0 1
20012 -5993 25320 7 2 4 8
29102 -3459 12168 3 6 0 16
488 -11948 26252 8 14 1 2
7372 5279 23045 7 14 9 13
26673 -13838 15330 13 9 10 10
17134 -10364 14220 12 2 4 16
20310 -4385 19464 14 4 5 6
12834 870 23762 14 6 8 7
30379 -3658 14932 12 8 6 2
13952 -10951 28210 14 14 14 2
32375 -4598 30400 13 9 8 3
24564 -8436 7453 6 2 0 14
17593 8453 31352 4 11 13 9
16388 -9664 20067 4 10 5 4
28454 12274 23608 13 12 8 4
2846 -1173 31462 2 7 3 1
17083 15656 15593 5 13 2 4
5938 729 28904 7 10 12 16
24117 3515 3220 11 14 12 2
20868 -1288 23466 2 3 0 5
135 1972 20698 3 13 4 5
12629 2744 8970 7 1 3 7
20256 -8258 27307 5 10 15 16
7119 15024 11048 4 9 2 12
19447 2550 11276 14 11 7 4
20433 -12351 22152 6 9 2 12
24772 2477 26635 5 12 6 6
10753 7482 22246 1 11 14 7
26179 -3291 3476 10 11 0 1
16690 16057 3782 3 10 14 8
27750 -11735 26868 11 7 15 2
28075 15632 17731 13 10 9 6
10007 7550 12853 11 3 9 8
12273 -107 3518 4 14 5 11
24756 -15833 19657 11 1 13 4
10865 -9658 28712 13 6 11 13
28619 -4150 29088 2 8 6 5
23817 -7107 7659 11 3 9 16
18946 15903 8737 6 6 10 15
11107 14289 5271 5 7 15 8
3006 11762 10605 9 12 14 11
8835 -11668 11012 13 9 15 5
15559 -13176 6780 9 7 14 9
20528 -3713 2797 3 1 5 9
24175 4456 15208 13 10 6 5
16072 9655 23830 11 3 10 5
17826 8408 11980 9 0 9 10
12655 -14030 30727 15 1 5 8
18110 15667 25602 13 11 11 11
1061 -12453 3574 13 2 12 2
17456 -7112 27957 2 1 1 8
27441 -13253 29297 1 13 9 11
4072 -8640 20511 6 3 1 15
22477 15316 27151 2 15 5 13
22072 -8481 65 9 8 6 2
28354 -7109 18473 3 7 10 8
4737 13972 17892 9 5 3 4
7601 14608 12360 15 4 7 6
30062 4465 19 6 1 4 13
30529 9743 13161 3 11 2 11
23360 -9 15042 1 11 6 13
24783 -12245 19296 0 11 9 11
10333 13311 32287 11 1 2 1
27728 10609 13762 1 1 11 7
6889 2453 22988 9 12 14 14
11230 9195 16407 13 6 8 5
7457 -13522 32081 14 13 0 2
30760 9033 17566 8 11 0 3
18504 2057 7228 2 14 8 12
8138 6491 6954 9 6 2 7
28123 6230 12636 12 4 13 11
9151 4219 25266 7 4 0 14
1340 -16289 127 5 9 11 2
7513 -3913 23047 4 2 2 4
14126 -14131 18265 9 3 5 5
20864 -4091 17576 0 0 10 4
28763 -11993 13381 8 7 4 11
25667 797 23024 13 4 7 1
31133 -319 32230 11 14 15 10
25944 5588 10417 8 10 9 6
25438 -5096 1626 9 0 15 4
16612 2385 20167 7 14 7 5
1496 -6460 66 5 5 9 15
349 -4031 11539 5 5 5 9
22482 -8818 3055 0 6 10 15
15437 -12567 1766 1 11 13 10
23315 -7591 25769 11 13 12 5
9853 8288 11939 11 1 6 6
29850 -12656 5815 12 14 6 12
474 -14436 30149 7 5 11 1
20669 -1191 28352 0 2 10 10
7019 -13125 9935 8 12 2 7
25252 10691 32189 14 4 4 10
27659 -7254 9330 5 6 7 12
26940 -5107 16844 9 6 12 4
15436 9674 17688 7 5 7 7
29315 -9824 24481 7 3 15 11
10478 -5018 31671 10 0 10 4
20804 -15649 31575 0 12 3 2
29094 13434 5714 2 4 10 16
2220 -14934 19657 15 10 11 3
31645 4182 8877 12 12 5 11
30960 -1658 19661 5 5 4 16
29430 -15179 27474 12 15 4 8
9313 -11633 21363 13 9 13 16
22130 -6084 14211 15 2 0 9
14116 13979 30031 5 1 12 6
3975 14922 27783 13 15 9 1
13964 10010 30767 13 9 2 14
14471 -14342 4578 9 6 5 16
7211 8457 10441 15 4 8 6
27252 -15516 1990 11 14 13 5
9635 15480 31918 0 2 13 7
11359 -2275 23867 6 8 13 16
23576 13280 28494 3 9 7 3
5731 2962 11405 7 7 3 16
29894 15058 19621 10 11 3 1
32432 13978 23261 15 7 9 1
24505 -12299 27855 1 5 14 7
10853 -3052 22718 8 6 12 6
25152 416 20125 6 2 3 16
8903 12656 13245 7 10 11 7
28138 3206 5570 3 11 1 5
21221 -13964 24657 10 8 15 16
30715 -494 15663 11 2 12 12
2982 -3775 15397 13 2 2 16
17713 4068 2748 12 10 14 14
447 -16193 30949 4 4 6 1
20641 4590 18364 12 1 11 7
14279 -7465 4019 13 9 8 9
14904 12762 30411 10 14 7 12
17686 -3450 24104 5 5 14 7
17034 -9350 15737 12 8 6 5
6873 7112 32105 1 0 13 2
5296 -10738 21177 9 9 4 6
27921 3667 18855 7 9 0 12
12066 14589 13342 13 7 8 15
239 -15143 479 9 1 9 15
25947 11882 24385 12 8 10 7
18058 2293 3169 11 8 9 15
31927 9667 6177 9 0 15 10
13477 -8826 29495 5 15 6 8
197 4446 769 1 8 2 16
4027 8237 17472 5 2 2 14
9348 -13855 16490 11 4 11 12
25250 3348 20068 7 11 11 11
11025 3292 3322 6 10 11 2
1659 -11785 24066 6 4 3 15
6544 11388 6982 4 13 0 6
22790 8015 26113 8 3 5 12
11441 4847 5886 2 12 9 1
9778 -15463 15878 13 0 9 5
12593 740 1973 1 0 11 13
13031 -14123 9661 13 4 14 13
13859 1941 5255 4 5 6 4
883 -1385 14929 6 0 7 16
21164 5715 21440 13 7 5 1
32029 3742 18583 4 3 4 2
14901 -1038 16279 8 7 15 3
20260 4909 7692 7 4 13 6
25877 15421 19444 2 1 4 6
31131 -1121 27592 8 14 0 11
7367 -6468 25009 12 14 9 5
29965 1877 26166 1 2 2 9
11605 -10552 10310 10 6 10 1
3864 2604 26007 3 12 15 15
10356 16235 4106 11 8 11 16
2156 -9161 2262 9 12 12 5
20463 426 32270 4 3 4 16
11901 -12370 27513 5 11 0 15
10287 1609 24487 3 4 1 16
29809 -10786 27612 13 5 3 13
22286 14935 5538 13 1 0 16
21651 -7103 5236 0 0 13 6
29549 166 3531 12 15 2 14
16015 11327 19619 0 13 0 4
4338 -4130 13362 1 5 4 4
6026 -12546 26166 13 0 11 6
19350 12078 26416 3 4 11 9
16272 6815 14019 15 14 6 14
26905 -3808 18683 12 14 13 7
9351 8717 2867 1 11 9 3
26285 -6098 9291 3 12 11 5
25315 12614 18224 3 5 3 7
15680 -8045 4803 10 3 14 11
8173 -8090 12977 4 3 4 12
7010 -16251 29566 15 4 10 14
9148 -2990 16400 15 8 1 6
1678 -5869 29053 15 6 0 5
14569 10793 7001 7 15 10 15
15163 -8885 3330 13 1 0 15
15248 6316 18053 12 14 5 11
4875 9707 12950 9 14 3 7
2129 7528 22692 11 1 13 4
19957 -9710 21024 1 13 2 8
30701 8142 21806 13 11 3 4
12319 -11575 17785 10 5 0 10
17527 7364 1971 8 12 8 4
5725 -12797 446 2 5 14 6
4772 11651 24435 1 2 1 2
29342 -497 1485 13 8 6 6
24442 9704 18829 1 12 1 7
1518 12473 31960 11 13 6 10
1398 -16226 9938 10 1 5 6
2876 -7509 15219 10 10 0 8
20445 -8041 12691 7 15 0 8
32250 4936 18731 9 2 4 2
5903 -8140 17087 5 2 1 11
10942 -2913 3828 10 11 7 8
6191 -3116 14341 12 11 8 9
12570 -10396 23275 5 12 6 10
11957 -3330 11950 4 2 13 11
19158 8778 29701 4 9 9 16
22792 -5234 28212 7 2 10 1
29835 6468 13261 6 8 8 3
7401 5307 23380 14 9 3 16
22127 -11933 23275 5 13 0 1
8010 -10535 2710 2 7 11 10
11991 10634 8649 3 14 7 6
5918 2313 13174 8 4 10 16
5182 16294 9597 13 9 8 14
8514 -13325 1206 12 12 13 10
10013 -1825 25908 4 9 13 9
16612 14679 25911 2 0 13 5
16453 -13302 24612 3 1 1 8
21859 -208 7354 5 3 1 11
14550 -2254 28144 3 1 4 15
14006 -2585 4730 10 15 1 2
14293 3996 29087 10 7 4 15
23919 3229 26456 2 14 2 6
22081 -5768 22257 7 10 1 4
29223 12042 20667 13 2 5 6
27460 -8073 21553 9 3 0 7
28410 -9420 19386 9 1 2 5
23720 16188 29599 10 4 1 6
10104 513 2398 15 12 9 3
6196 636 22014 8 3 15 15
1940 -6511 21254 14 5 1 16
2296 759 10647 1 3 6 4
30522 -10101 27367 2 12 5 8
2988 -1967 2968 0 13 6 15
31685 -6312 24000 9 10 6 6
8539 14823 4015 3 14 6 8
15940 -12300 32530 14 15 9 14
11421 5168 780 10 1 4 16
31744 7210 1870 5 3 14 12
25948 15134 20845 7 5 12 6
28896 -3829 12772 4 15 6 4
31022 9379 27007 12 3 11 16
27498 7702 17749 11 0 3 16
18311 7984 15811 3 15 0 3
2736 -3173 20308 0 6 8 14
19742 -5452 9637 12 7 4 15
30431 11288 18475 9 14 0 16
3029 2484 1135 12 5 2 4
16816 -16320 820 0 11 8 4
1519 2032 6273 13 4 6 2
18682 -9894 508 9 2 7 12
12746 -7645 20385 0 7 0 8
26533 -12036 5308 5 12 0 3
15930 13749 17687 9 5 8 10
26890 -10441 12362 4 1 6 16
21524 12766 13827 14 1 4 14
28663 894 32728 12 11 5 5
5886 -16142 26039 8 7 15 6
9254 -9886 13389 0 9 7 8
4938 -203 24874 14 3 13 14
30342 11580 17684 13 11 12 3
1543 -486 1334 5 12 13 2
7716 12862 13747 10 0 0 13
25972 3963 15417 14 0 3 8
20834 8220 16323 9 9 7 1
9029 -4506 32276 12 0 10 4
1012 1617 11148 8 15 0 8
6616 9314 17455 12 13 8 1
21084 14347 17037 14 7 0 12
20715 11175 9600 0 14 4 8
5398 -8836 1678 10 13 11 15
24219 -1246 7261 3 4 12 12
32448 14272 21346 12 11 15 6
8039 13531 18418 2 2 3 1
14310 9346 31376 12 14 15 8
18069 9734 26060 0 8 9 11
17322 -8796 16556 11 4 14 6
16958 -11385 1327 5 2 1 15
19356 4600 26853 2 10 5 5
6094 4222 14457 3 4 5 5
803 -15468 22444 14 8 8 15
22117 -14023 13980 3 0 11 8
17281 14920 9507 13 0 8 13
22034 -11617 699 0 13 4 14
31207 3140 6561 10 8 13 10
13836 984 28944 1 1 12 6
27747 -6892 27090 4 13 5 8
3706 -255 27549 12 0 8 14
773 4717 13501 12 1 14 13
18769 14839 28297 13 15 9 12
27324 -13361 2785 15 3 3 6
8357 -14588 20544 15 5 14 9
21443 -11348 6054 8 9 3 7
23149 5045 1226 14 12 3 3
23089 -7396 2939 13 11 12 13
3767 -9204 24526 12 0 15 16
5667 7804 26902 6 8 12 14
26593 175 22593 15 4 11 16
9034 9741 25104 11 9 11 15
3831 616 14356 15 4 3 9
13279 3339 389 2 7 11 3
14454 -3095 7599 8 8 0 8
9049 8871 2300 3 4 12 12
23679 1054 20958 7 6 2 8
27079 -14042 25851 6 1 0 6
15474 10153 441 8 2 8 12
26708 -10944 4138 14 7 6 10
23753 4689 16540 9 0 10 3
15938 -6976 7414 9 6 1 13
14732 1456 1047 14 9 0 2
14994 10983 18667 6 7 5 10
30317 -4460 30735 6 6 11 12
26513 -13185 5974 3 15 12 6
7855 3549 24357 12 13 13 15
3654 3642 16614 8 1 1 14
21793 11199 14665 14 3 8 7
13608 -8508 6969 9 4 15 4
7450 653 23683 9 10 9 13
2035 -11259 9207 10 0 13 7
20884 7954 7009 5 1 10 15
28677 12867 25893 13 7 14 3
6602 487 15435 4 4 15 15
29534 12973 5342 1 3 5 9
3168 -11893 26867 4 14 4 3
24321 -15191 15215 7 12 4 16
21473 13364 2035 11 11 15 4
12678 -7025 14991 4 12 13 15
9716 -8139 7663 4 1 2 3
25654 -12216 8799 7 1 14 8
8022 -11714 3037 7 3 1 4
13598 8418 15502 4 1 14 1
20174 -13432 7341 2 13 13 12
19638 -6377 23934 12 15 13 16
23567 13348 19537 5 2 14 13
17423 11932 3285 13 14 4 16
1805 8145 21743 11 9 12 3
28089 2718 5911 15 5 5 10
21023 11100 10516 14 0 5 4
14739 -5741 26082 3 15 8 5
31902 14032 26541 11 2 12 13
23154 6535 16891 11 5 2 9
16923 -15718 5594 10 6 14 9
488 616 19830 11 11 9 5
25133 -1762 1066 11 15 7 2
22187 8822 1681 13 13 12 4
28487 14664 24610 2 3 12 16
26943 1436 27097 7 4 0 12
4282 -6494 29695 7 1 9 10
3187 4530 4016 14 8 1 1
108 -11204 28710 3 4 8 14
31536 -7915 2407 15 1 1 6
5434 3990 28341 4 8 4 2
16093 -10021 22009 0 13 9 14
23224 -4497 7861 4 11 11 11
9577 2776 20527 9 13 7 5
30569 -15096 21151 3 14 4 9
32486 -3433 19158 4 2 0 10
612 -14060 13823 12 3 4 10
17076 -1984 31278 13 8 14 1
28877 -14154 28422 6 14 5 6
9986 13529 25180 9 0 2 10
21628 9133 29410 0 1 1 3
24869 -3076 9285 9 12 3 6
3270 -13322 28501 3 12 11 2
8953 9673 8810 12 2 6 1
32763 12261 530 7 2 4 10
7019 -5289 16467 0 3 8 6
27613 -8086 19344 4 0 5 13
14656 13879 16653 9 1 7 1
6711 -6603 13987 2 10 6 15
19328 11946 27052 11 1 0 11
4516 9083 31061 2 5 5 9
6410 13862 12358 10 13 3 11
15624 -4477 18526 15 9 2 11
25954 12658 27347 2 12 0 9
3352 -10291 31261 13 9 2 1
14369 -9153 32558 11 5 4 8
30098 -7307 32450 10 9 1 8
32219 -13862 9906 13 12 5 4
25733 -11232 23400 14 13 5 6
335 -12197 10038 1 10 5 9
30369 -13668 16127 3 2 1 10
19205 -8499 11 0 7 13 3
7752 -5090 9203 13 14 11 3
7641 13419 27691 8 6 2 2
4000 6297 12640 1 6 15 8
13059 12916 4424 9 2 3 2
28754 1769 14825 10 7 13 1
12825 -11928 13125 2 3 1 9
27802 12059 2714 10 4 10 4
23163 -15748 10986 14 0 2 11
1429 -13433 1586 8 1 12 6
31537 -15230 17784 11 10 14 10
19202 15677 7102 12 8 8 16
3756 -3114 13325 7 2 7 3
26799 13990 11075 5 13 5 11
3978 9261 21662 12 15 7 2
11012 -2041 32410 6 4 8 6
8962 -4702 8605 15 8 10 1
20427 -9514 6091 11 12 14 2
26133 -6464 5034 15 13 8 4
5428 -16293 29596 8 2 6 16
19774 -2498 28071 1 0 4 15
6543 -7696 17753 11 6 4 15
5301 -7722 20035 10 6 13 3
19605 12394 21379 9 5 15 6
17892 -7678 10536 3 0 15 7
2817 -15516 15393 0 4 10 4
32464 -12821 25114 5 1 13 15
23680 -12720 30807 5 10 10 11
19536 -13602 28543 4 0 7 11
21897 -6825 1313 10 11 2 7
8538 -15077 19983 10 6 10 13
29394 -3153 17096 2 15 15 8
6644 14439 16569 4 5 9 11
30807 14456 12326 0 0 7 1
14661 -4501 18059 15 6 11 10
9548 15049 18060 14 8 4 6
19310 10096 28792 2 7 1 5
10827 2982 25373 2 14 3 11
16147 12418 25070 8 13 10 11
474 4855 21107 6 0 0 6
26312 -187 31800 6 5 0 5
32588 -10344 1677 7 14 10 3
17783 3129 10077 10 12 11 14
28378 15586 23465 4 9 13 6
26993 -10277 7577 10 0 1 14
9316 -15760 32213 0 9 2 3
27385 3400 32071 0 1 4 13
24501 -2822 22077 0 12 7 1
10017 -188 437 2 15 14 5
16290 8396 11839 6 13 5 1
7812 -14410 32070 13 14 13 8
19746 -1554 28288 7 8 13 3
22184 15207 8389 9 12 10 5
31465 -12708 4555 11 8 11 10
7319 -8559 21093 11 7 11 1
26987 1177 31558 13 7 6 10
9512 9060 28015 0 12 4 4
29304 14746 6520 1 6 3 16
22382 -6164 30494 6 13 4 15
25448 -4319 27844 3 10 10 16
84 -15520 29249 12 5 1 1
7828 -7860 17809 12 6 9 6
30107 15981 8924 9 9 11 13
31918 271 27862 7 1 11 16
4982 -4886 25579 10 11 13 6
9155 -1722 5904 8 2 1 15
17910 4964 30073 1 2 5 11
5583 -14181 30763 14 10 2 1
66 12949 14811 8 15 7 14
10706 -6270 20426 5 8 10 5
32549 -12307 15195 12 2 4 12
31610 -16211 13604 9 8 15 10
20718 -7225 21235 1 12 14 2
7817 9449 13788 11 12 6 6
12284 -10767 27956 2 14 15 2
8845 13374 2352 7 11 4 4
32245 -4272 32308 4 8 7 5
2187 -8171 26996 4 14 0 6
4472 12144 4458 4 1 15 8
146 12438 11071 15 4 0 15
24168 294 22976 14 6 4 5
1808 -5310 17294 11 7 3 12
29002 -2384 20565 2 0 0 4
1933 1079 11137 15 13 0 16
32245 -5314 6562 13 4 2 1
29809 -1861 23771 1 13 9 7
6592 -13539 12116 10 13 10 13
16841 -12851 26605 6 4 14 11
30047 4470 1745 4 4 3 15
24363 4017 26905 12 13 4 6
13258 3870 27754 10 11 15 14
31955 6292 7176 12 1 5 10
401 -14350 14437 0 8 7 4
29568 10820 22045 11 6 6 11
27527 -6584 16995 1 6 13 11
26101 11483 20385 8 0 9 13
1793 -7836 11217 2 7 7 15
792 16259 703 8 7 12 15
7484 2372 9149 4 12 0 3
24442 -6123 25842 0 1 3 15
4058 -6088 23137 11 13 2 13
3543 -8339 29428 0 0 3 10
26274 -14456 2232 15 12 5 1
10116 -13149 16472 14 8 10 7
31257 3182 18857 3 7 10 14
